121
242
153
100
143
156
170
116
111
153
124
143
188
130
175
125
174
173
131
150
160
146
155
227
133
153
243
122
143
3947
893
193
105
138
139
73
141
148
153
128
154
135
139
10416
3585
3461
827
198
5935
2465
560
207
151
130
123
177
118
162
91
123
146
85
179
152
80
128
150
92
134
170
120
108
241
139
103
100
170
171
100
127
178
186
156
187
147
138
202
136
139
200
212
183
113
120
149
101
152
151
123
205
167
114
102
165
140
156
175
135
123
130
131
103
131
133
151
92
163
169
139
172
164
118
161
145
113
97
145
210
157
135
118
159
95
120
143
102
171
158
130
163
154
129
111
212
141
180
169
135
160
188
119
131
227
142
167
127
132
150
101
137
162
89
157
152
139
147
133
124
162
147
114
121
198
166
159
198
137
178
178
115
120
175
162
185
79
143
174
80
162
145
129
168
183
137
113
164
131
127
183
138
122
187
69
138
191
122
162
109
113
123
146
181
168
75
142
166
94
131
147
118
115
139
105
109
186
161
144
158
146
130
171
137
119
163
127
171
105
134
121
216
142
155
81
129
152
91
134
160
145
164
139
111
114
178
133
145
172
158
114
180
5756
1466
337
157
160
134
108
210
153
153
170
82
150
145
91
1201
177
128
161
162
86
108
195
119
146
188
93
118
208
175
159
180
125
139
106
167
149
211
157
170
79
157
151
94
181
146
100
155
136
99
107
174
113
163
213
120
129
187
107
112
225
111
171
105
119
115
151
120
144
99
161
172
89
145
156
126
146
163
140
108
172
123
141
160
101
157
120
101
117
134
115
151
83
102
134
96
109
138
135
140
158
94
114
178
137
132
139
142
117
186
153
138
179
136
185
145
105
138
214
162
184
88
132
166
87
140
133
128
148
177
98
125
175
159
171
168
136
110
175
153
136
162
151
186
136
111
108
150
138
170
93
131
149
111
139
145
93
141
163
81
129
167
126
155
137
94
103
168
136
122
183
160
155
107
228
244
172
162
179
136
155
138
100
130
145
120
162
161
131
139
173
114
127
199
119
177
93
118
178
91
121
141
105
123
162
141
133
185
134
125
276
119
145
157
117
139
161
144
167
84
143
146
92
138
155
149
168
162
123
112
207
159
173
168
149
148
183
143
154
196
179
186
101
113
153
103
121
164
90
188
178
85
139
143
140
149
127
142
131
169
168
158
156
153
129
180
138
159
194
161
196
149
110
132
173
132
5288
2191
472
180
106
156
432
134
145
161
117
164
173
112
142
155
148
599
217
148
253
171
464
2729
397
109
147
160
133
153
100
112
159
87
107
138
107
142
174
75
128
161
136
137
131
116
107
171
242
152
159
149
161
143
119
109
148
163
149
77
136
137
114
127
148
104
124
171
71
122
173
129
163
143
106
101
221
145
119
175
158
153
172
129
136
240
85
158
95
135
146
79
119
134
135
145
142
125
111
162
117
135
151
140
135
92
151
155
90
124
123
111
153
187
151
113
163
116
146
175
136
131
168
106
139
178
135
169
83
113
116
149
115
151
88
136
161
62
117
133
125
192
149
117
126
175
140
157
146
139
139
160
119
142
167
121
168
75
120
123
191
145
149
100
127
203
170
141
154
203
173
142
104
109
169
141
149
166
180
138
181
139
144
191
138
158
107
149
145
115
118
91
111
139
319
100
141
127
140
157
88
121
166
140
126
182
110
116
160
576
207
209
156
6489
1244
167
151
112
148
170
72
1653
309
106
80
144
130
159
150
131
143
198
115
160
11494
4844
1154
135
125
152
92
131
179
99
133
146
127
135
212
119
117
205
217
172
91
119
147
117
152
153
125
156
168
133
147
159
144
151
159
127
159
121
91
125
124
137
153
71
133
143
161
119
122
116
139
172
94
101
186
232
171
184
129
161
157
119
152
130
123
147
97
140
163
89
139
155
144
179
143
116
127
154
120
129
176
141
162
128
132
131
107
141
138
114
147
142
126
127
134
122
142
147
129
110
160
135
144
163
103
157
124
102
134
146
171
110
96
140
159
94
120
174
198
171
143
153
188
140
130
122
166
165
141
152
157
142
116
120
179
151
153
163
189
152
162
106
120
136
147
157
90
214
129
82
115
206
143
151
172
124
177
256
135
130
153
119
169
101
134
160
118
125
153
119
122
174
135
121
161
173
146
146
108
178
97
93
124
127
115
127
87
108
135
87
117
125
120
151
159
89
116
164
131
122
181
148
113
274
156
144
183
129
177
118
113
155
179
121
160
95
140
183
86
140
152
131
167
191
88
116
177
129
147
149
139
201
212
117
130
193
130
163
88
106
135
84
128
126
102
127
151
85
120
140
77
168
144
119
109
149
117
140
151
134
170
110
112
132
125
151
135
107
177
160
105
118
170
176
152
170
119
199
137
102
183
134
114
121
83
125
179
112
138
167
133
133
139
120
106
197
181
130
197
168
138
182
153
136
183
191
189
73
135
129
116
156
161
106
209
149
88
114
177
130
147
161
113
166
176
97
152
150
114
152
80
114
102
300
157
126
95
152
166
79
130
171
137
153
137
128
141
174
126
137
174
185
147
118
113
117
126
148
153
104
140
163
93
141
126
122
168
145
480
4997
1107
177
106
180
106
167
4344
3921
587
135
115
127
124
130
158
115
120
168
175
145
1229
272
208
160
140
125
184
146
260
98
129
122
125
138
169
92
162
177
99
127
153
123
133
160
132
99
208
122
147
170
114
163
121
120
140
101
241
169
88
145
154
87
134
150
130
181
151
108
113
176
106
127
169
117
167
106
104
140
115
110
162
103
135
167
94
132
166
111
136
185
123
124
165
207
148
156
105
171
123
116
136
104
214
160
99
124
149
107
129
148
147
178
159
136
100
180
135
152
186
132
211
165
126
137
147
125
175
89
124
150
144
153
145
100
139
161
92
133
168
150
145
151
135
127
176
112
136
191
164
139
59
140
130
124
159
144
105
133
215
82
98
246
153
140
160
122
110
168
102
129
175
132
160
105
93
117
220
87
158
91
150
187
82
151
152
121
157
160
125
126
171
137
140
172
125
189
172
105
122
166
155
148
151
223
148
219
118
177
153
119
103
151
154
159
157
107
122
106
134
115
127
159
177
169
105
105
143
107
122
139
116
203
148
89
117
160
133
144
145
142
184
249
148
152
243
106
150
71
147
141
176
130
187
117
126
153
125
136
188
191
178
1388
415
117
5848
1222
773
516
148
132
7313
1880
1451
1045
184
165
130
193
7972
2587
617
110
124
135
88
130
161
149
162
149
127
153
178
133
128
160
214
176
85
144
169
75
136
149
116
158
162
132
101
158
129
124
181
146
162
113
112
125
135
130
164
73
134
179
120
142
150
98
149
131
98
111
165
216
170
155
100
105
159
101
137
179
130
154
183
111
146
125
107
148
96
135
140
87
148
160
109
160
112
131
112
245
151
143
158
121
157
103
99
151
148
142
147
90
121
138
97
113
177
193
168
154
140
155
194
116
137
182
175
136
83
148
152
89
120
172
121
175
140
109
128
199
93
148
157
126
143
138
129
150
146
116
148
133
165
133
299
183
160
108
125
163
148
166
90
120
158
88
145
174
157
145
167
155
147
171
117
153
172
128
167
96
143
145
166
137
176
116
134
187
127
115
161
4717
1378
318
113
163
102
115
151
118
113
151
137
146
156
139
136
168
114
182
147
115
141
79
117
150
73
121
146
107
141
148
149
142
199
2221
451
95
132
163
81
123
158
81
131
152
87
192
164
87
115
173
127
127
204
123
118
151
106
135
161
109
154
100
133
135
148
146
130
110
132
156
122
118
188
177
160
191
126
127
152
107
109
144
195
158
95
126
161
93
116
142
126
165
136
131
149
155
127
126
193
160
165
95
171
180
76
136
154
157
145
198
130
135
99
162
156
104
125
196
147
145
189
129
140
133
130
170
94
196
130
95
147
171
110
140
179
133
154
175
122
107
237
133
128
165
134
160
156
131
123
103
146
137
107
137
144
155
135
163
125
165
159
112
125
151
130
119
182
125
156
99
116
123
107
108
175
112
148
166
81
137
177
128
137
214
149
115
156
127
127
152
127
163
145
83
133
104
145
199
189
203
151
150
146
84
158
122
91
118
146
125
210
151
128
113
