115
232
142
109
136
150
149
142
118
141
113
143
207
79
145
209
134
93
186
118
147
111
131
145
100
128
180
113
152
138
108
125
126
129
133
175
127
101
160
105
136
152
106
154
158
127
116
171
120
118
101
116
119
120
207
148
103
142
140
86
122
159
144
1258
1559
230
126
155
125
137
152
162
188
104
109
175
90
106
194
138
130
135
95
140
120
100
118
112
133
141
82
126
122
108
126
127
104
130
149
107
148
159
119
153
157
121
109
163
115
198
160
113
159
135
109
102
138
108
170
109
123
145
77
117
145
108
144
132
183
145
143
113
129
144
96
104
154
127
154
168
122
166
143
93
108
169
133
158
80
102
127
101
125
119
124
137
169
131
117
169
160
178
142
186
124
166
112
126
153
163
169
67
124
157
107
139
146
129
170
157
127
141
190
116
205
185
125
167
88
129
144
105
135
164
122
147
1198
3704
835
245
121
148
186
120
116
174
120
115
193
129
151
99
188
127
107
141
150
123
130
162
121
120
208
138
122
163
135
173
126
101
212
145
113
160
167
132
168
77
104
152
123
145
135
120
108
184
151
153
186
98
153
149
108
155
114
125
171
77
222
161
94
129
183
94
145
176
84
151
149
111
141
141
121
124
191
127
166
156
130
168
89
111
138
71
144
136
125
175
174
126
152
127
125
145
83
131
162
112
140
157
92
109
176
140
215
187
152
162
190
143
138
191
126
148
92
133
155
86
144
155
124
172
201
84
117
188
133
122
199
158
152
146
153
90
130
122
156
96
136
159
93
166
165
122
135
148
181
118
151
133
172
145
107
181
100
116
136
139
133
176
110
139
166
89
120
145
117
167
139
95
117
172
111
149
180
124
156
165
174
144
139
108
149
103
142
162
121
178
171
143
134
140
141
110
178
166
154
146
148
177
114
116
113
217
187
199
195
211
145
101
127
7083
1768
232
145
108
104
178
110
129
183
121
140
183
121
188
161
115
163
110
109
116
146
150
3818
885
228
82
198
115
184
2777
1112
269
137
157
104
112
124
125
135
167
96
139
151
96
108
183
134
131
151
135
120
175
117
153
176
122
187
112
140
167
117
154
149
123
178
163
115
138
205
152
148
162
140
151
183
119
120
157
140
164
85
159
159
95
140
136
138
151
148
109
105
182
129
131
196
143
162
182
119
110
179
121
168
98
143
155
82
140
159
111
137
173
112
146
178
112
151
177
123
143
193
147
125
96
121
131
112
132
133
109
131
160
137
136
190
368
158
160
106
123
164
107
169
83
121
147
129
132
121
85
141
127
75
118
916
224
142
143
135
104
188
142
1645
1909
307
185
208
139
138
207
122
180
87
121
5264
1419
215
1297
281
139
167
106
693
1909
391
188
115
99
120
169
143
121
172
141
143
178
142
163
149
141
181
175
105
111
178
129
132
157
99
148
117
128
133
97
150
125
83
194
134
120
152
129
101
95
154
134
139
182
138
161
134
102
106
154
117
135
141
131
142
111
124
137
84
156
124
110
110
199
128
132
135
104
146
164
114
128
169
123
178
117
119
104
184
165
154
95
173
182
102
163
143
103
154
252
107
119
179
145
172
177
117
156
152
133
132
143
113
160
84
131
158
141
114
172
133
165
140
140
126
171
158
112
173
123
139
229
179
159
76
146
174
146
151
134
133
111
203
153
149
172
145
140
189
124
133
204
158
175
158
104
169
104
126
158
90
142
171
73
142
196
137
141
154
121
132
172
148
168
179
134
167
112
129
124
145
143
204
93
139
165
5419
1024
176
92
1650
3855
819
185
182
119
155
137
1353
256
164
199
2656
6447
1077
310
96
106
110
138
131
136
85
161
153
94
146
155
93
150
129
90
119
205
107
131
156
111
139
244
96
139
179
107
173
160
98
106
226
103
159
95
110
135
110
139
138
119
168
166
95
127
134
129
151
141
111
153
161
99
135
154
97
141
166
119
86
155
111
155
94
125
130
104
122
156
237
161
168
85
125
195
139
144
158
147
133
167
109
135
162
101
158
131
90
115
160
108
145
83
107
133
105
144
242
211
150
155
223
134
185
145
119
178
169
176
138
115
107
152
125
154
142
147
156
69
116
168
118
151
161
129
105
173
121
118
181
117
130
175
99
129
182
119
167
111
111
126
156
133
161
98
145
170
80
156
158
122
142
161
99
124
161
114
148
169
109
129
187
111
139
178
106
169
145
123
108
151
115
153
109
157
150
92
143
155
125
148
124
108
105
137
119
247
122
128
143
183
108
139
171
108
150
159
84
118
191
121
166
1740
485
161
115
133
145
128
171
154
130
125
184
119
133
197
130
134
158
128
142
156
117
153
118
105
121
134
121
174
98
132
160
101
128
164
118
175
157
115
131
185
136
131
174
133
136
148
107
135
160
149
153
89
117
123
107
113
144
116
138
158
83
97
142
120
154
150
129
129
176
135
124
275
140
165
141
102
115
147
141
170
124
135
137
97
151
137
132
158
155
120
143
135
139
162
123
107
103
192
145
226
221
138
167
185
122
119
153
129
149
73
141
157
106
141
118
84
170
149
107
143
130
135
142
125
106
112
159
247
157
179
146
164
181
125
147
172
171
153
85
129
138
97
126
151
109
110
138
145
112
197
134
140
193
110
174
165
109
160
82
134
150
129
141
189
184
117
181
140
143
176
131
167
180
143
139
123
121
164
77
113
131
100
153
130
105
134
156
80
113
160
143
161
180
127
118
155
137
131
182
153
173
145
124
118
138
116
151
71
159
156
139
125
172
114
133
2077
552
2732
435
126
1133
249
140
145
129
149
165
130
128
582
6373
1850
437
160
169
82
2998
550
1299
279
123
103
160
163
108
127
181
166
139
163
131
131
150
106
127
174
123
128
5190
1907
447
6142
2259
446
2445
469
295
3320
1456
240
151
171
179
121
165
134
116
125
125
119
165
75
145
159
138
129
170
120
127
177
141
106
151
153
123
161
113
141
90
116
130
113
125
195
110
135
217
117
124
166
123
149
199
135
141
169
109
135
178
116
162
169
112
136
99
121
120
127
145
174
101
148
172
136
161
159
152
135
156
143
208
172
134
185
101
111
123
143
174
153
190
181
139
110
127
126
127
114
206
126
150
93
136
153
76
119
155
218
136
153
160
108
186
138
147
173
151
137
159
129
132
181
152
172
82
124
155
93
128
152
105
148
194
83
101
280
152
146
159
140
145
195
135
154
192
98
158
93
121
123
162
147
169
79
208
205
95
141
150
111
164
173
146
190
185
109
129
189
116
140
181
112
191
166
111
172
117
135
148
111
132
173
78
145
166
83
142
151
127
148
130
240
118
1926
483
172
176
476
189
115
124
114
152
133
155
99
145
162
107
128
137
112
146
147
100
124
170
124
142
148
130
129
184
122
129
179
119
173
122
100
114
141
128
168
86
146
195
129
137
146
126
157
133
121
113
178
113
126
162
127
145
151
112
131
168
110
152
115
103
122
144
120
156
84
142
152
103
127
153
122
172
158
113
124
198
142
116
191
134
147
159
115
147
185
171
147
76
119
143
90
109
141
115
133
168
78
121
141
117
158
146
110
131
215
146
144
182
128
179
148
102
117
155
146
173
71
140
160
94
152
154
117
156
161
96
109
155
173
177
156
149
162
198
120
147
209
139
201
108
135
147
172
139
173
102
149
190
88
117
192
142
166
160
144
140
185
135
144
183
135
189
123
118
122
154
145
183
82
149
182
106
137
149
112
164
147
118
122
196
111
117
187
99
161
100
127
149
107
142
142
118
145
151
126
125
171
136
147
152
136
147
135
102
128
153
136
177
78
139
154
99
128
150
122
223
147
123
110
170
107
137
175
127
193
106
131
172
112
133
133
125
144
183
108
133
164
163
160
147
146
129
184
148
139
187
146
190
107
127
132
137
136
143
99
172
162
97
120
177
125
130
142
165
155
222
112
121
166
124
142
106
117
144
112
135
161
85
157
166
62
132
134
131
151
159
93
122
157
123
118
177
124
135
189
119
138
182
115
163
126
113
120
150
145
149
79
156
148
90
140
129
109
168
139
92
109
183
131
152
147
122
138
201
113
124
197
124
169
112
128
146
112
132
157
95
175
158
78
130
126
126
125
158
134
333
221
247
122
179
176
159
85
158
151
76
139
190
138
132
