138
196
180
103
139
131
166
137
138
173
117
176
183
147
141
118
148
158
229
145
136
86
171
158
110
102
189
115
134
194
122
157
146
131
112
127
116
100
97
131
157
151
113
174
130
165
160
130
152
197
140
113
136
119
134
110
221
144
82
153
134
115
164
133
129
120
174
129
155
214
135
173
134
90
128
94
120
193
81
1337
299
123
169
134
99
126
150
576
131
99
107
135
102
137
160
111
145
184
122
115
154
143
140
161
106
441
1830
438
182
111
158
155
99
125
170
97
121
136
149
198
178
152
116
183
228
174
178
136
163
155
128
148
129
152
154
88
139
162
85
149
154
132
173
138
126
121
166
130
147
190
155
194
113
139
152
170
153
152
123
158
151
187
116
176
101
139
178
140
171
94
138
174
101
108
130
117
153
127
117
155
166
109
129
183
131
142
192
108
135
187
112
153
87
100
131
100
135
148
182
134
141
98
125
138
155
152
161
226
110
166
136
140
165
118
180
121
115
136
146
131
168
79
108
152
91
122
182
157
154
144
135
121
168
153
149
157
137
108
190
160
141
185
133
187
119
149
133
144
158
192
85
125
151
121
133
141
100
147
171
95
129
185
158
184
147
134
94
166
154
168
185
148
166
150
156
108
481
203
158
89
162
175
120
121
133
106
522
185
123
97
197
174
138
1053
207
1461
1938
434
177
187
212
217
70
169
112
80
127
177
94
139
152
122
111
179
119
146
185
126
125
208
93
121
185
3169
558
144
98
143
118
136
2601
891
225
147
142
130
160
135
177
168
118
176
100
85
124
117
140
206
109
136
151
77
140
151
152
153
179
146
122
193
131
147
178
130
160
132
120
120
143
131
154
86
143
159
70
222
172
106
167
156
95
125
168
124
169
168
142
115
196
134
117
188
112
211
125
122
133
133
129
165
87
139
150
100
116
207
118
155
160
112
117
165
163
137
153
121
161
94
97
135
115
143
139
104
132
167
93
141
148
128
158
138
142
135
246
160
168
185
141
206
140
155
76
131
148
103
177
159
156
131
206
144
177
201
146
193
179
172
123
177
143
153
74
165
154
82
116
178
122
168
202
135
162
143
109
110
238
134
139
97
166
153
91
158
141
185
162
137
114
130
166
103
125
157
184
154
91
108
161
88
121
143
106
117
140
93
111
160
141
149
148
121
144
1092
4074
884
267
152
175
80
7727
1661
304
147
143
140
173
171
105
121
175
163
4815
1362
188
136
210
7837
1482
183
125
162
101
136
152
112
764
224
125
185
183
112
104
175
127
118
194
158
156
175
96
100
165
126
169
86
126
149
97
228
151
87
137
163
83
112
159
117
194
125
98
100
173
122
128
167
120
132
101
124
106
149
131
148
80
117
139
151
140
151
105
139
163
97
116
124
181
138
121
120
108
173
103
126
174
154
138
157
91
114
172
111
152
86
127
144
87
137
140
123
133
137
115
118
270
143
139
171
154
172
77
127
162
151
128
141
127
164
154
97
102
187
174
136
179
151
211
110
134
123
194
154
168
104
168
139
103
119
178
97
116
200
135
166
85
148
150
78
148
145
190
139
144
114
106
154
118
147
150
156
152
79
130
132
83
122
137
128
169
159
144
148
181
123
119
186
143
194
97
157
186
99
1236
253
124
134
171
2820
682
4258
1451
310
197
108
151
101
152
144
4525
944
920
7524
1500
271
90
189
158
122
145
138
76
352
425
123
125
7639
2427
5452
1193
202
165
6709
4712
933
273
159
124
124
138
742
670
158
149
180
151
103
143
146
118
122
169
144
144
189
160
150
187
129
128
185
126
218
128
144
169
82
127
154
97
137
151
88
111
180
121
158
174
114
145
162
190
152
146
148
157
102
147
151
85
190
175
121
149
155
114
118
158
102
111
132
133
165
77
114
137
99
114
141
104
156
163
111
112
198
137
125
181
211
165
192
138
139
199
128
189
119
130
163
78
128
148
121
139
163
130
146
142
135
147
184
121
154
115
130
160
117
134
140
95
154
208
114
123
142
207
169
144
115
104
161
122
146
171
147
155
173
203
155
138
149
194
134
149
158
151
107
197
137
139
193
140
188
179
142
135
184
2470
453
110
155
171
960
3014
514
199
4785
3118
698
154
199
160
125
197
172
114
183
140
1915
2359
426
1453
223
148
149
101
153
149
103
182
196
88
98
2812
546
167
138
111
129
200
106
115
189
108
176
108
112
181
176
107
137
104
133
137
102
137
156
131
131
148
124
110
164
145
135
150
121
231
128
96
114
131
133
159
94
113
164
114
105
150
107
143
161
85
102
163
96
154
122
124
153
202
144
126
210
194
198
92
137
152
98
159
138
133
175
183
96
121
192
159
133
146
104
126
145
148
137
190
164
172
78
159
187
153
122
137
93
148
144
99
108
190
224
141
134
108
117
189
104
114
206
135
189
121
115
142
115
138
152
108
203
125
87
143
125
125
136
129
124
93
184
127
132
159
111
150
93
99
143
121
123
139
85
140
146
82
105
142
153
163
146
110
109
193
144
133
142
163
130
195
141
121
193
157
171
74
129
254
86
140
156
94
158
186
229
157
230
151
130
195
153
139
201
131
140
224
90
168
109
134
154
2742
937
255
115
183
166
89
110
178
130
154
134
117
195
180
118
3380
647
62
8638
2245
2722
570
192
138
148
94
145
303
7298
1322
246
89
145
372
513
1994
493
533
536
176
215
166
105
107
131
107
126
142
109
152
168
101
125
154
631
202
684
247
823
206
816
211
544
418
406
112
145
162
105
157
717
377
377
290
374
418
273
127
140
193
135
179
713
430
400
205
148
138
90
174
140
70
127
143
105
128
134
110
96
171
122
143
170
122
190
137
96
133
159
880
1037
243
1043
220
112
141
140
104
135
240
127
143
197
124
117
165
128
117
149
102
137
171
154
173
135
146
107
232
113
176
101
142
204
108
103
139
111
157
140
117
146
190
114
116
194
115
132
170
114
136
182
127
149
76
120
113
117
139
155
104
162
145
129
108
132
131
182
212
157
199
198
196
137
143
116
178
157
95
115
228
176
158
94
158
175
75
179
136
128
220
170
137
104
5278
1851
469
197
4936
3626
6451
3483
1548
2367
6047
5622
2331
1038
1067
1633
1744
976
980
1224
2415
393
772
617
399
603
420
197
679
649
806
458
643
289
345
356
461
241
167
156
136
138
162
895
325
127
193
346
385
420
777
162
258
524
388
373
555
743
1627
1059
672
705
834
728
1691
944
415
646
633
182
587
220
230
552
149
215
438
378
545
302
157
344
294
270
324
168
169
81
195
176
86
151
151
108
157
141
120
144
189
144
154
173
148
174
181
139
136
175
116
236
96
149
128
119
98
202
126
129
227
140
127
174
108
142
180
115
179
158
109
125
194
104
159
113
5935
2323
2083
583
665
1317
291
177
92
138
124
130
151
125
106
1659
1073
232
142
170
115
2103
944
652
860
1305
265
141
115
2835
1211
1341
144
149
1737
10974
2702
376
206
171
102
165
155
105
157
165
187
141
231
141
207
150
111
126
189
137
195
155
113
135
147
197
151
117
149
144
151
162
125
129
161
176
113
120
185
151
152
158
150
142
189
161
142
192
146
167
95
128
148
103
137
150
104
135
171
74
119
119
208
135
192
121
143
182
102
133
154
115
155
75
147
161
76
119
116
113
118
150
125
109
157
130
140
154
126
148
132
111
106
144
139
171
99
114
159
119
127
137
127
150
140
113
131
210
128
119
214
134
146
203
115
118
120
123
153
127
123
152
117
142
241
146
130
97
2754
1407
236
147
153
117
115
154
142
127
178
136
166
171
129
136
172
149
169
84
147
193
96
133
145
117
144
148
113
102
167
121
131
180
130
163
102
120
133
104
145
158
103
152
161
81
118
196
131
175
157
132
179
117
116
150
117
122
141
117
144
127
114
113
171
113
135
161
117
197
138
97
144
143
114
169
71
132
170
94
137
201
154
128
158
143
132
203
153
147
180
134
147
109
141
182
73
150
138
119
150
125
114
113
158
100
112
201
135
158
95
117
145
127
228
149
111
130
150
117
137
181
105
177
191
125
126
98
118
128
96
134
160
1301
283
143
9406
3459
2561
1293
312
174
156
6693
2755
573
163
180
2281
476
864
1565
318
85
2631
578
125
156
143
103
131
4439
2002
442
207
108
138
126
98
253
139
104
159
103
122
148
114
